0 0 0 0
0 0 0 0
0 0 0 0
0 0 0 0
0 0 0 0
0 0 1 0
0 0 0 0
0 0 0 0
0 0 0 0
0 0 0 0
0 0 0 0
0 0 0 0
0 0 0 0
0 0 0 0
0 0 0 0
0 0 0 0
0 0 0 0
0 0 0 0
0 0 0 0
0 0 0 0
0 0 0 0
0 0 0 0
0 0 0 0
0 0 0 0
0 0 0 0
0 0 0 0
0 0 0 0
0 0 0 0
0 0 0 0
0 0 0 0
0 0 0 0
0 0 0 0
0 0 0 0
0 0 0 0
0 0 1 0
0 0 0 0
0 0 0 0
0 0 0 0
0 0 0 0
0 0 0 0
0 0 0 0
0 0 0 0
0 0 0 0
0 0 0 0
0 0 0 0
0 0 0 0
0 0 0 0
0 25 25 0
2 1 25 0
2 0 13 0
1 1 91 0
0 71 0 5
0 0 5 0
0 0 4 0
0 0 3 0
0 0 3 0
0 0 0 0
0 0 3 0
0 0 0 0
0 0 0 0
0 0 0 0
0 0 0 0
0 0 0 0
0 0 0 0
0 0 0 0
0 0 0 0
0 0 0 0
0 0 0 0
0 0 0 0
0 0 0 0
0 0 0 0
0 0 0 0
0 0 0 0
0 0 0 0
0 0 0 0
0 0 0 0
0 0 0 0
0 0 0 0
0 0 0 0
0 0 0 0
0 0 0 0
0 0 0 0
0 0 0 0
0 0 0 0
0 0 0 0
0 0 0 0
0 0 1 0
1 0 1 0
1 0 0 0
0 0 0 0
51 51 1 0
43 4 0 0
2 1 0 0
37 42 1 0
0 0 0 0
37 42 1 0
3 0 0 0
3 37 1 0
29 59 0 0
1 0 0 0
254 0 1 0
254 0 0 0
254 0 0 0
0 0 0 0
254 64 1 0
254 51 51 0
2 0 0 0
12 51 43 0
212 0 0 0
0 44 37 0
217 38 32 0
217 38 32 0
217 34 29 0
1 0 29 0
0 0 0 0
15 0 0 0
0 0 10 0
0 0 0 0
0 10 0 0
0 0 8 0
0 0 0 0
0 0 7 0
0 0 6 0
0 0 0 0
0 32 5 0
0 2 0 0
8 5 0 0
0 25 5 0
0 0 0 0
0 0 0 0
0 0 0 0
0 0 0 0
0 0 0 0
0 0 0 0
0 0 0 0
0 0 0 0
0 0 0 0
0 0 0 0
0 0 0 0
0 0 1 0
0 0 0 0
0 0 0 0
0 0 0 0
0 0 0 0
0 0 0 0
0 0 0 0
0 0 0 0
0 0 0 0
0 0 0 0
0 0 0 0
0 0 0 0
0 0 0 0
0 0 0 0
0 0 0 0
0 0 0 0
0 1 0 0
0 1 0 0
0 0 0 0
0 0 0 0
0 0 0 0
0 0 0 0
0 0 0 0
0 0 0 0
0 0 0 0
0 0 0 0
0 0 0 0
0 0 0 0
0 0 0 0
0 0 0 0
0 0 0 0
0 0 1 0
0 0 11 0
0 0 0 0
0 0 0 0
0 0 0 0
0 0 0 0
0 0 0 0
0 0 0 0
0 0 0 0
0 0 0 0
0 0 0 0
0 0 0 0
0 0 0 0
0 0 0 0
0 0 0 0
0 0 0 0
2 0 0 0
1 0 0 0
1 0 1 0
1 0 0 0
1 0 0 0
1 0 0 0
0 0 0 0
0 0 0 0
0 0 0 0
0 0 0 0
0 0 0 0
0 0 50 0
42 0 84 0
36 0 84 0
0 0 84 0
0 25 51 0
254 25 253 0
254 13 254 0
254 8 254 0
254 6 190 0
254 5 152 0
254 4 169 0
254 3 169 0
54 3 169 2
0 3 2 0
0 0 0 0
254 0 0 0
254 0 0 0
254 0 0 0
254 0 21 0
2 0 218 0
222 0 0 0
226 0 0 0
203 0 0 0
1 1 10 0
1 10 1 0
0 0 0 0
0 0 0 0
0 0 0 0
0 0 0 0
0 0 0 0
0 0 1 0
0 1 1 1
41 1 170 0
0 1 127 0
0 1 127 0
0 1 106 0
0 1 106 0
0 29 109 0
0 29 98 0
0 0 98 0
0 0 98 0
0 0 98 0
50 0 90 0
50 0 90 0
43 0 77 0
38 0 67 0
38 0 67 0
38 1 1 0
34 1 0 0
34 1 0 0
25 0 25 0
0 0 25 0
0 0 73 0
22 0 64 0
22 0 57 0
45 0 51 0
0 0 51 0
0 0 253 0
0 0 190 0
0 0 152 0
0 0 152 0
0 0 152 0
0 0 0 102
0 0 117 0
2 0 0 0
2 0 1 0
1 0 11 0
1 0 51 0
1 0 85 0
1 36 73 0
1 36 73 3
2 36 54 51
0 254 51 0
0 254 25 0
0 169 17 0
0 127 13 0
51 101 13 0
0 85 13 0
73 85 64 0
73 57 41 0
30 51 37 0
30 51 254 0
15 26 128 0
10 17 85 0
8 13 85 0
61 13 51 4
35 51 37 0
4 76 37 0
4 76 61 0
4 76 61 0
0 0 20 0
0 0 1 0
0 0 1 0
0 0 10 0
0 0 0 43
0 0 38 0
0 0 34 0
0 0 34 0
0 0 10 0
0 0 1 0
0 0 64 0
0 0 64 0
0 0 64 0
32 0 32 0
28 0 29 0
25 0 26 0
25 0 253 0
25 0 253 0
0 0 63 0
0 51 151 0
8 51 151 0
7 80 130 0
7 70 113 0
6 62 101 0
5 81 91 0
5 0 91 0
5 0 168 0
3 0 127 0
3 0 127 0
44 0 147 0
38 0 147 0
32 0 28 0
0 0 25 11
40 25 0 0
0 25 0 0
0 16 0 0
0 12 0 0
0 10 0 8
0 8 73 0
32 7 95 0
32 7 113 0
29 6 102 0
0 0 102 0
0 0 0 0
94 0 0 0
76 0 0 0
63 0 0 0
54 0 54 0
48 0 0 0
43 0 26 0
0 3 254 0
0 3 254 0
0 3 254 2
0 2 191 0
42 44 159 0
36 38 136 0
36 33 119 0
32 29 119 0
29 26 107 0
29 0 107 0
29 0 107 0
0 0 0 26
12 0 26 0
10 0 26 0
8 36 22 0
7 31 22 0
0 28 22 25
0 254 3 0
0 253 4 0
0 253 3 0
0 253 66 0
0 203 103 0
0 169 103 14
5 169 127 65
0 113 65 0
0 101 58 0
1 0 2 0
1 0 11 0
10 0 1 0
0 0 1 0
0 42 1 0
0 42 10 0
37 10 33 1
0 30 1 0
0 254 0 0
0 127 0 0
0 85 0 64
0 0 51 0
0 51 42 0
0 51 37 0
0 44 32 0
0 40 32 36
0 40 254 253
1 254 127 0
1 254 85 0
64 254 64 0
64 204 102 0
64 212 85 0
55 218 73 0
48 191 64 0
43 191 64 0
0 172 64 172
0 172 172 2
0 114 170 0
0 86 128 0
0 69 102 0
0 58 102 0
0 49 102 0
0 43 102 0
38 43 38 7
10 38 254 0
0 146 254 0
0 146 170 0
0 146 127 0
0 146 127 0
0 146 148 0
0 161 163 0
0 161 163 14
3 161 143 0
0 161 143 0
0 143 0 0
0 143 0 0
0 107 0 0
0 86 0 7
2 0 62 0
0 54 62 4
8 54 43 25
2 0 0 0
1 0 127 0
1 0 169 0
0 0 169 0
0 0 0 113
0 0 113 0
0 0 99 0
0 0 88 0
0 0 88 0
10 0 1 0
0 0 1 0
0 0 0 0
0 10 0 0
0 0 0 0
0 0 0 0
0 0 0 0
2 0 1 0
1 1 1 0
1 1 0 0
1 0 0 0
0 0 0 0
0 0 0 0
0 0 28 0
0 0 0 51
254 0 254 0
0 0 254 0
254 0 65 0
254 0 65 0
254 0 54 0
254 0 54 0
254 0 79 0
254 0 79 0
254 0 254 0
254 0 254 0
254 0 170 0
254 0 170 0
0 0 170 0
0 0 0 102
254 0 89 0
254 0 79 0
254 0 71 0
255 1 0 0
255 1 2 0
55 1 255 1
0 255 1 0
255 1 255 0
1 255 1 0
255 1 255 0
0 1 255 1
255 0 255 0
0 255 0 0
255 0 25 0
5 0 255 0
255 0 0 0
255 0 255 0
0 255 2 0
255 1 255 0
0 1 191 1
153 0 12 0
7 0 109 0
96 0 85 0
0 0 77 0
2 0 1 0
1 0 0 0
1 0 1 0
1 0 0 0
1 0 0 0
1 0 0 0
1 0 1 0
1 0 1 1
1 0 0 0
0 0 0 0
0 0 0 0
0 0 0 0
0 0 0 0
0 0 0 0
0 0 0 0
0 0 0 0
0 0 0 0
0 0 0 0
0 0 0 0
0 0 0 0
0 0 0 0
0 10 0 0
0 0 0 0
0 0 0 0
0 0 0 0
0 0 0 0
0 0 0 0
0 0 0 0
0 0 0 0
0 0 0 0
0 0 0 0
0 0 0 0
0 0 0 0
0 0 0 0
0 0 0 0
0 0 0 0
0 0 0 0
0 0 0 0
0 0 0 0
0 0 0 0
0 0 0 0
0 0 0 0
0 0 0 0
0 0 0 0
0 0 0 0
0 0 0 0
0 0 0 0
0 0 0 0
0 0 1 0
1 0 1 0
1 0 1 0
0 1 0 1
0 0 1 31
29 56 1 51
254 3 1 128
85 128 1 0
159 128 127 52
56 106 127 91
74 80 33 0
66 71 33 71
0 71 0 1
0 0 0 0
0 0 0 0
0 0 10 0
0 0 0 0
0 0 1 0
0 0 0 0
0 0 0 0
0 0 0 0
0 0 0 0
0 0 0 1
0 0 10 0
10 0 10 0
0 0 0 42
0 0 0 0
0 0 0 0
0 0 250 0
0 0 80 0
0 0 60 0
0 0 50 0
0 0 50 0
0 40 0 10
0 0 0 0
0 0 0 0
0 0 0 0
0 0 0 0
0 0 0 1
0 1 0 0
0 0 0 0
0 0 0 0
0 0 0 0
0 0 0 0
0 0 0 0
0 0 0 0
0 0 0 0
0 0 0 0
0 0 0 0
0 0 0 0
0 0 0 0
0 0 0 0
0 0 0 0
0 0 0 0
0 1 0 0
0 0 0 0
0 0 0 0
0 0 0 0
0 0 0 0
0 0 0 0
0 0 0 0
0 0 0 0
0 0 0 0
0 0 0 0
0 0 0 1
0 1 0 0
0 0 0 0
0 0 0 0
0 0 0 0
0 0 0 1
0 1 0 1
0 0 0 0
0 0 0 0
0 0 0 0
0 0 0 0
0 0 0 0
0 0 0 0
0 0 0 0
0 0 0 0
0 0 0 0
0 0 0 0
0 0 0 0
0 0 0 0
0 0 0 0
0 0 0 0
0 0 0 0
0 0 0 0
0 0 0 0
0 0 0 0
0 0 0 0
0 0 0 0
0 0 0 0
0 0 0 0
0 0 0 0
0 0 0 0
0 0 0 0
0 0 0 0
0 0 0 0
0 0 0 0
0 0 0 0
0 0 0 1
0 1 0 0
0 0 0 0
0 0 0 0
0 0 0 0
0 0 0 0
0 1 0 1
0 1 0 0
0 0 0 0
0 0 0 0
0 0 0 0
0 0 0 0
0 0 0 0
0 0 0 0
0 0 0 0
0 0 0 0
0 0 0 0
0 0 0 0
0 0 0 0
0 0 0 0
0 0 0 0
0 0 0 0
0 0 10 0
0 0 0 0
0 0 0 0
0 0 0 0
0 0 0 1
0 0 0 0
0 0 0 0
0 0 0 0
0 0 0 0
0 0 0 0
0 0 0 0
0 0 0 0
0 0 0 0
0 0 0 0
0 0 0 0
1 0 0 0
0 0 0 0
0 0 0 0
0 0 0 0
0 0 0 0
0 0 10 0
0 0 0 0
0 0 0 0
0 0 0 0
0 0 0 0
0 0 0 0
0 0 0 0
0 0 0 0
0 0 0 0
0 0 0 0
0 0 0 0
0 0 0 0
0 0 0 0
0 0 0 0
0 0 0 0
0 0 0 0
0 10 0 10
0 0 0 0
0 0 0 0
0 0 0 0
0 0 0 0
0 0 0 0
0 0 0 0
0 0 0 0
0 0 0 0
0 0 0 0
0 0 0 0
0 0 0 0
0 0 0 0
0 0 0 0
0 0 0 0
0 0 0 0
0 0 0 0
0 0 0 0
0 0 0 0
0 0 0 0
0 0 0 0
0 0 0 0
0 0 0 0
0 0 0 0
60 0 0 0
0 0 0 28
0 0 10 0
0 0 0 0
0 0 0 0
0 0 0 0
0 0 0 0
0 0 10 0
0 0 10 0
0 0 0 0
0 0 0 0
0 0 0 0
0 0 0 0
0 0 0 0
