0 10 0 0
0 0 0 0
0 0 0 0
0 0 0 0
0 0 0 0
0 0 0 0
0 0 0 0
0 0 0 0
0 0 0 0
0 0 0 0
0 0 0 0
0 0 0 0
0 0 0 0
0 0 0 0
1 1 0 0
0 1 0 0
0 0 0 0
0 0 0 0
0 0 0 0
0 0 0 0
0 0 0 0
0 0 0 0
0 0 0 0
0 0 0 0
0 0 0 0
0 0 0 0
0 0 0 0
0 0 0 0
0 0 0 0
1 0 0 0
1 0 1 0
1 0 0 0
1 0 0 0
1 0 1 0
0 1 0 63
1 0 51 0
1 0 51 0
1 0 51 0
0 0 0 34
1 0 30 0
0 0 0 0
0 0 0 0
0 0 0 0
0 0 0 0
0 0 0 0
0 0 0 0
0 0 0 0
0 0 0 0
0 0 0 0
0 0 0 0
0 0 0 0
0 0 0 0
0 0 0 0
0 0 0 0
0 0 0 0
0 0 0 0
1 0 10 0
0 0 0 0
0 0 0 0
0 0 0 0
0 0 0 0
0 0 0 0
0 0 0 0
0 0 0 0
0 0 0 0
0 0 0 0
0 0 0 0
0 0 0 0
0 0 0 0
0 0 32 0
0 0 32 0
0 0 0 3
0 0 2 0
0 0 86 0
0 0 86 0
0 0 0 43
0 0 37 0
0 0 32 0
0 0 29 0
0 0 29 0
0 0 140 0
0 0 93 0
0 0 70 0
0 0 70 0
0 0 70 0
0 0 99 0
32 0 99 0
32 0 89 0
0 1 11 0
27 0 169 0
27 0 63 0
101 0 51 0
101 42 51 0
123 36 51 0
108 64 45 0
124 85 68 0
124 76 87 0
2 1 42 1
85 0 86 0
127 0 127 0
102 0 102 0
85 42 85 0
109 37 74 0
95 37 74 0
5 37 74 3
7 37 0 2
2 1 2 0
1 1 1 0
64 1 1 0
1 1 1 1
1 1 37 0
37 1 37 0
32 29 37 0
29 51 33 0
0 2 33 0
3 2 2 17
10 65 129 0
51 65 154 0
43 65 170 0
37 56 146 0
32 49 128 0
29 43 142 0
51 43 153 0
2 3 62 2
1 1 3 0
1 64 3 0
1 51 3 0
1 43 31 37
31 32 2 0
1 28 30 0
1 26 52 0
1 1 2 0
0 1 2 0
127 0 65 0
102 0 52 0
86 0 44 0
74 0 38 0
96 32 38 0
28 32 26 0
28 26 3 0
39 140 2 0
26 93 1 0
19 70 64 0
16 56 64 0
47 56 0 0
76 56 67 3
76 60 30 0
34 54 27 0
254 54 250 0
254 153 249 0
170 186 167 0
191 186 126 0
203 186 151 0
169 186 168 0
146 160 145 0
159 140 127 0
169 140 140 0
152 126 127 0
0 2 2 0
125 1 2 0
0 85 2 85
0 68 10 0
0 57 127 0
109 49 109 0
127 43 126 0
140 66 113 0
127 60 102 0
253 1 102 0
251 125 174 0
252 83 174 0
190 63 132 0
202 101 155 0
211 84 129 0
217 72 111 0
221 63 97 0
225 84 97 8
4 84 0 0
4 0 25 0
4 0 168 0
190 63 127 0
202 51 152 0
211 51 152 0
217 44 131 0
221 38 131 0
224 62 144 0
224 56 129 0
255 56 0 0
255 29 25 0
5 19 25 0
15 19 12 0
15 10 99 0
254 45 85 0
223 39 106 0
226 63 122 0
229 57 110 0
229 2 110 0
241 2 181 0
241 1 121 0
181 1 91 0
145 1 91 0
0 1 91 1
0 32 57 0
81 29 79 0
73 51 71 0
2 0 1 0
2 0 12 0
12 0 0 0
3 0 0 0
3 0 3 0
0 0 3 0
3 0 0 0
2 0 0 0
1 0 1 0
1 0 0 0
1 0 0 0
1 0 0 0
0 0 0 0
0 0 0 0
0 0 0 0
0 0 2 1
11 0 0 0
1 0 0 0
1 0 0 0
1 0 1 0
1 0 0 0
1 0 0 0
1 0 1 0
2 0 0 0
1 0 0 0
1 0 0 0
0 0 0 0
0 0 0 0
0 0 0 0
0 0 0 0
0 0 0 0
0 0 0 0
0 0 0 0
0 0 0 0
0 0 0 0
0 0 0 0
0 0 0 0
0 0 0 0
0 0 0 0
0 0 1 0
0 0 0 0
0 0 0 0
0 0 0 0
0 0 0 0
0 0 0 0
0 0 0 0
0 0 0 0
0 0 10 0
0 0 1 0
0 0 0 0
0 0 0 0
0 0 0 0
0 0 0 0
0 0 0 0
0 0 0 0
0 0 0 0
0 0 0 0
0 0 0 0
0 0 0 0
0 0 0 0
0 0 0 0
0 0 0 0
1 0 0 0
0 0 0 0
0 0 0 0
0 0 0 0
0 0 0 0
0 0 0 0
0 0 0 0
0 0 0 0
0 0 0 0
0 0 0 0
0 0 0 0
0 0 0 0
0 0 0 0
0 0 0 0
0 0 0 0
0 0 0 0
0 0 0 0
0 0 0 0
0 0 0 0
0 0 0 0
0 0 0 0
0 0 0 0
0 0 0 0
0 0 0 0
0 10 0 1
0 0 0 0
0 0 0 0
0 0 0 0
0 0 0 0
0 0 0 0
0 0 0 0
0 0 0 0
0 0 0 0
0 0 0 0
0 0 0 0
0 0 0 0
0 0 0 0
0 0 0 0
0 0 0 0
0 0 0 0
0 0 0 0
0 0 0 0
0 0 0 0
0 0 0 0
0 0 0 0
0 0 0 0
0 0 0 0
0 0 0 0
0 0 0 0
0 0 0 0
0 0 0 0
0 0 0 0
0 0 0 36
0 0 32 0
0 0 29 0
1 0 29 0
0 0 140 0
0 0 7 0
0 0 7 0
0 0 60 0
0 50 0 4
0 0 4 0
0 0 4 0
0 0 10 0
0 0 0 0
0 0 0 0
0 0 0 0
0 0 0 0
0 0 0 0
0 0 0 0
0 0 0 0
0 0 0 0
0 0 0 0
0 0 0 0
0 0 0 0
0 0 0 0
0 0 0 0
0 0 0 0
0 0 0 0
0 0 0 0
0 0 0 0
0 0 0 0
0 0 0 0
0 0 0 0
0 0 0 0
25 0 25 0
1 125 0 0
25 0 25 0
70 0 7 0
0 0 96 0
116 0 10 0
3 0 103 0
103 0 0 0
103 0 0 0
103 0 0 0
103 0 0 0
103 0 103 0
0 103 0 0
103 0 91 0
0 82 0 0
0 0 0 0
0 0 0 0
0 0 0 0
0 0 0 0
0 0 0 0
0 0 0 0
0 0 0 0
0 0 1 0
0 0 10 0
0 0 1 0
0 0 1 0
0 0 0 0
0 0 0 0
0 0 0 0
0 0 0 0
0 0 0 0
0 84 0 0
63 0 51 0
0 42 0 36
0 32 0 28
0 26 0 0
1 0 11 1
11 0 11 0
63 11 101 51
1 126 101 126
1 126 101 126
1 126 85 0
3 1 12 2
1 2 12 2
0 2 2 102
54 1 2 1
40 1 2 29
40 29 2 0
0 0 31 0
1 0 11 0
51 0 11 0
0 0 11 0
37 0 11 0
0 0 11 0
33 2 11 1
12 1 11 1
12 1 153 0
48 1 153 1
48 1 127 0
32 1 113 0
29 0 113 0
141 0 195 84
95 63 195 0
51 63 43 86
63 37 43 33
77 29 43 29
0 29 2 10
0 2 2 1
0 1 2 1
0 1 2 1
0 1 2 0
0 1 0 127
3 3 21 1
1 1 21 1
51 1 21 1
51 1 110 0
64 32 110 29
58 51 110 51
1 26 41 0
17 26 13 65
1 10 13 9
37 7 13 7
29 7 13 6
29 6 254 0
0 130 254 171
0 171 254 137
30 114 153 0
0 114 153 131
0 117 153 105
0 117 254 253
0 254 254 253
0 190 254 1
90 190 190 127
0 163 190 142
28 127 99 0
25 139 99 254
127 253 99 253
127 253 149 0
51 254 149 212
43 217 138 0
37 191 138 169
55 178 138 254
1 254 0 0
1 254 10 191
51 191 10 159
37 136 10 0
0 119 10 106
26 96 10 254
3 254 10 25
4 254 190 127
3 152 190 169
3 145 190 14
5 145 129 91
3 129 129 1
4 0 3 0
3 0 3 0
3 0 3 0
3 0 3 0
3 0 3 1
2 1 1 1
1 1 1 1
0 43 0 0
73 0 95 0
113 0 126 0
252 1 126 127
251 85 12 0
51 85 201 118
209 99 216 85
220 106 216 0
4 94 216 85
255 3 216 3
255 3 216 0
5 2 216 2
255 2 216 1
254 1 216 1
254 1 55 0
255 1 254 1
254 0 254 0
254 0 254 0
254 0 0 0
254 0 254 0
254 0 255 1
255 0 255 0
255 0 255 0
0 0 255 0
255 0 255 0
255 0 255 0
255 0 255 0
0 255 0 2
55 0 204 0
204 0 204 0
204 0 209 0
209 0 209 0
0 0 209 0
209 0 209 0
167 0 139 0
119 0 104 0
0 93 0 0
83 0 83 0
41 0 27 0
27 0 22 0
18 0 15 0
14 0 14 0
12 0 0 0
0 10 0 0
0 0 0 0
0 0 0 0
0 0 0 0
0 0 0 0
0 0 0 0
0 0 0 0
0 0 0 0
0 0 0 0
0 0 0 0
0 0 0 0
0 0 0 0
0 0 0 0
0 0 0 0
0 0 0 0
0 0 0 0
0 0 0 0
0 0 0 0
0 0 0 0
0 0 0 0
0 0 0 0
0 0 0 0
0 0 0 0
0 0 0 0
0 0 0 0
0 0 1 0
0 0 0 0
0 0 0 0
0 0 0 0
0 0 0 0
0 0 0 0
1 0 0 0
0 0 0 0
0 0 0 0
0 0 0 0
0 0 0 0
0 0 0 0
0 0 0 0
0 0 0 0
0 0 0 0
0 0 0 28
0 0 250 0
0 0 0 0
0 0 0 0
0 0 0 0
0 0 0 0
0 0 0 0
0 0 0 0
0 0 0 0
0 0 0 0
0 0 0 0
0 0 0 0
0 0 0 0
0 0 0 0
0 0 0 0
0 0 0 0
0 0 0 0
0 0 0 0
0 0 0 0
0 0 0 0
0 0 0 0
0 0 0 0
0 0 0 0
0 0 0 0
0 0 0 0
0 0 0 0
0 0 0 0
0 0 0 0
0 0 0 0
0 0 0 0
0 0 0 0
0 0 0 0
0 0 0 1
0 1 0 0
0 0 0 0
0 0 0 0
0 0 0 0
0 0 0 0
0 0 0 0
0 0 0 0
0 0 0 0
0 0 0 0
0 0 0 0
0 0 0 0
0 0 0 0
0 0 0 0
0 0 0 0
0 0 0 0
0 0 0 0
0 0 0 0
0 0 0 0
0 0 0 0
0 0 0 0
0 0 0 0
0 0 0 0
0 0 0 0
0 0 0 0
0 0 0 0
0 0 0 0
0 0 0 0
0 0 0 0
0 0 0 0
0 0 0 0
0 0 10 0
0 0 0 0
0 0 0 0
0 0 0 0
0 0 0 0
0 0 0 0
0 0 0 0
0 0 0 0
0 0 0 0
0 0 0 0
0 0 0 0
0 0 0 0
0 0 0 0
0 0 0 0
0 0 0 0
