0 0 0 0
0 0 0 0
0 0 0 0
0 0 0 0
0 0 0 0
0 0 0 0
0 0 0 0
0 0 0 0
0 0 0 0
0 0 0 0
0 0 0 0
0 0 0 0
0 0 0 0
0 0 0 0
0 0 0 0
0 0 0 0
0 0 0 0
0 0 0 0
0 0 0 0
0 0 0 0
0 0 0 0
0 0 0 0
0 0 0 0
0 0 0 0
0 0 0 0
0 0 0 0
0 0 0 0
0 0 0 0
0 0 0 0
0 0 0 0
0 0 0 0
0 0 0 0
0 0 0 0
0 0 0 0
0 0 0 0
0 0 0 0
0 0 0 0
0 0 0 0
0 0 0 0
0 0 0 0
0 0 0 0
0 0 0 0
0 0 0 0
0 0 0 0
0 0 0 0
0 0 0 0
0 0 0 0
0 0 0 0
0 0 0 0
0 0 0 0
0 0 0 0
0 0 0 0
0 0 0 0
0 0 0 0
0 0 0 0
0 0 0 0
0 0 0 0
0 0 0 0
0 0 0 0
0 1 0 0
0 0 0 0
0 0 0 0
0 0 0 0
0 0 0 0
0 0 0 0
0 0 0 0
0 0 0 0
0 0 0 0
0 0 0 0
0 0 0 0
0 0 0 0
0 0 0 0
0 0 0 0
0 0 0 0
0 0 0 0
0 0 0 0
0 0 0 0
0 0 0 0
0 0 0 0
0 0 0 0
0 0 0 0
0 0 0 0
0 0 0 0
0 0 0 0
0 0 0 0
0 0 0 0
0 0 0 0
0 0 0 0
0 0 1 0
0 0 0 0
0 0 0 0
0 0 0 0
0 0 0 0
0 0 0 0
0 0 0 0
0 0 0 0
0 0 0 0
0 0 0 0
0 0 0 0
0 0 0 0
0 0 0 0
0 0 0 0
0 0 0 0
0 0 0 0
0 0 0 0
0 0 0 0
0 0 0 0
0 0 0 0
0 0 0 0
0 0 0 0
0 0 0 0
0 0 0 0
0 0 0 0
0 0 0 0
0 0 0 0
0 0 0 0
0 1 0 0
0 0 0 0
0 1 0 0
0 1 0 0
0 0 0 0
0 0 0 0
0 0 0 0
0 0 0 0
0 0 0 0
0 0 0 0
0 0 0 0
0 0 0 0
0 0 0 0
0 0 0 0
0 0 0 0
1 0 0 0
1 0 0 0
0 0 0 0
1 0 0 0
1 0 0 0
0 0 0 0
1 0 0 0
1 0 0 0
1 0 0 0
0 0 0 0
1 0 0 0
1 0 0 0
0 0 0 0
1 0 0 0
1 0 0 0
0 0 0 0
0 0 0 0
0 0 0 0
0 0 0 0
0 0 0 0
0 0 0 0
0 0 0 0
0 0 0 0
0 0 0 0
0 0 0 0
0 0 0 0
0 0 0 0
0 0 0 0
0 0 0 0
0 0 0 0
0 0 0 0
0 0 0 0
0 0 0 0
0 0 0 0
0 0 0 0
0 0 0 0
0 0 0 0
0 0 0 0
0 0 0 0
0 0 0 0
0 0 0 0
0 0 0 0
0 0 0 0
0 0 0 0
0 0 0 0
0 0 0 0
0 0 0 0
0 0 0 0
0 0 0 0
0 0 0 0
0 0 0 0
0 0 0 0
0 0 0 0
0 0 0 0
0 0 0 0
0 0 0 0
0 0 0 0
0 0 0 0
0 0 0 0
0 0 0 0
0 0 0 0
0 0 0 0
0 0 0 0
0 0 0 0
0 0 0 0
0 0 0 0
0 0 0 0
0 0 0 0
0 0 0 0
0 0 0 0
0 0 0 0
0 0 0 0
0 0 0 0
0 0 0 0
0 0 0 0
0 0 0 0
0 0 0 0
0 0 0 0
0 0 0 0
0 0 1 0
0 0 0 0
0 0 0 0
0 0 0 0
0 0 0 0
0 0 0 0
0 0 0 0
0 0 0 0
0 0 0 0
0 0 0 0
0 0 0 0
0 0 0 0
0 0 0 0
0 0 0 0
0 0 0 0
0 0 0 0
0 0 0 0
0 0 0 0
0 0 0 0
0 0 0 0
0 0 0 0
0 0 0 0
0 0 0 0
0 0 0 0
0 0 0 0
0 0 0 0
0 0 0 0
0 0 0 0
0 0 0 0
0 0 0 0
0 0 0 0
0 0 0 0
0 0 0 0
0 0 0 0
1 0 1 0
0 1 0 0
0 1 0 0
0 0 0 0
0 0 0 0
0 0 0 0
0 0 0 0
0 0 0 0
0 0 0 0
0 0 0 0
0 0 0 0
0 0 0 0
0 0 0 0
0 0 0 0
0 0 0 0
0 0 0 0
0 0 0 0
0 0 0 0
0 0 0 0
0 0 0 0
0 0 0 0
0 0 0 0
0 0 0 0
0 0 0 0
0 0 0 0
0 0 0 0
0 0 0 0
0 0 0 0
0 0 0 0
0 0 0 0
0 0 0 0
0 0 0 0
0 0 0 0
0 0 0 0
0 0 0 0
0 0 0 0
0 0 0 0
0 0 0 0
0 0 0 0
1 0 1 0
0 0 0 0
0 0 0 0
0 0 0 0
0 0 0 0
0 0 0 0
0 0 0 0
0 0 1 0
0 0 0 0
0 0 0 0
0 0 0 0
0 0 0 0
0 0 0 0
0 0 0 0
0 0 0 0
1 0 0 0
0 0 0 0
0 0 0 0
0 0 0 0
0 0 0 0
0 0 0 0
0 0 0 0
0 0 0 0
0 0 1 0
0 0 0 0
0 0 0 0
0 0 0 0
0 0 0 0
0 0 0 0
0 0 0 0
0 0 0 0
0 0 0 0
0 0 0 0
0 0 0 0
0 0 0 0
0 0 0 0
0 0 0 0
0 0 0 0
0 0 0 0
0 0 0 0
0 0 0 0
0 0 0 0
0 0 0 0
0 0 0 0
0 0 0 0
0 0 0 0
0 0 0 1
0 1 0 0
0 1 0 0
0 0 0 0
0 0 0 0
0 0 0 0
0 0 0 0
0 0 0 0
1 0 0 0
1 0 0 0
0 0 0 0
0 0 0 0
0 0 0 0
0 0 0 0
0 0 0 0
0 0 0 0
0 0 0 0
0 0 0 0
0 0 0 0
0 0 0 0
0 0 0 0
0 0 0 0
0 0 0 0
0 0 0 0
0 0 0 0
0 0 0 0
0 0 0 0
0 0 0 0
0 0 0 0
0 0 0 0
0 0 0 0
0 0 0 0
0 0 0 0
0 0 0 0
0 0 0 0
0 0 0 0
0 0 0 0
0 0 0 0
0 0 0 0
0 0 0 0
1 0 1 254
0 1 254 0
0 1 191 0
0 1 153 0
0 1 153 0
0 1 153 1
0 1 114 0
0 1 103 0
1 0 0 0
0 0 0 0
0 0 0 0
0 0 0 0
0 0 0 0
0 0 0 0
0 0 0 0
0 0 0 0
0 0 0 0
0 0 0 0
0 0 63 0
63 0 50 0
63 0 42 0
63 0 36 0
63 0 36 0
0 0 36 0
56 0 1 0
56 0 0 0
56 1 0 0
56 1 44 1
0 37 1 0
32 1 0 0
28 1 0 0
24 1 2 0
2 1 1 2
1 1 0 0
1 1 0 0
0 1 0 1
0 0 1 42
0 1 72 0
0 0 63 0
0 0 63 0
0 0 1 0
0 1 0 0
0 0 0 0
0 0 0 0
42 0 0 0
42 0 0 0
37 0 0 0
32 0 32 0
0 0 32 0
32 0 1 0
32 0 1 0
87 0 63 0
87 0 63 0
0 0 0 72
62 0 95 0
62 0 112 0
62 0 101 0
62 1 5 0
158 1 5 0
1 1 1 65
114 1 52 0
114 1 43 0
98 1 73 0
85 1 96 0
76 1 96 0
8 1 96 2
1 1 127 0
1 1 168 0
1 0 126 0
1 51 101 0
1 42 101 36
0 42 32 63
1 32 56 0
1 32 51 0
1 1 252 0
1 0 252 0
0 0 252 0
0 0 153 0
84 0 169 0
72 0 145 0
64 0 127 0
57 0 113 0
76 25 102 0
76 2 102 1
0 2 85 8
0 64 127 0
20 51 152 0
17 43 169 0
15 43 145 0
13 43 127 0
12 43 113 0
12 43 113 0
254 2 25 0
4 1 254 1
254 1 0 0
254 1 51 0
254 1 43 0
217 1 37 0
190 1 37 0
190 28 37 0
0 51 37 2
53 95 254 1
64 254 2 0
64 253 65 0
51 253 102 0
42 253 128 0
37 217 110 0
37 222 128 0
37 225 141 0
33 228 127 0
1 1 126 0
0 0 126 0
0 0 64 0
64 51 102 0
53 42 127 0
46 36 109 0
40 32 96 0
36 28 85 0
36 51 85 0
54 1 85 0
1 1 0 35
64 1 0 0
1 1 0 1
1 1 16 0
33 1 16 1
0 1 26 40
3 254 40 0
1 127 40 0
1 85 27 0
1 64 20 0
0 51 20 43
0 37 83 0
0 33 74 0
0 29 66 0
25 26 85 0
2 0 251 0
1 0 251 0
0 0 0 128
64 50 152 0
53 84 127 0
45 108 109 0
71 94 109 0
92 84 124 0
83 101 112 0
3 101 5 0
128 52 5 0
35 52 89 0
35 122 5 0
35 103 52 0
88 103 45 0
88 90 45 0
78 80 68 0
70 97 61 0
0 0 254 0
0 2 254 1
0 64 253 0
0 64 203 0
0 54 170 0
0 46 182 0
0 72 190 0
0 72 197 0
0 64 197 0
127 0 3 0
127 85 85 0
95 85 64 0
77 68 52 0
77 56 44 0
66 48 44 42
51 66 44 66
70 66 2 0
0 159 1 0
0 191 85 0
0 191 85 0
0 153 85 0
127 153 109 4
80 95 43 0
0 85 43 0
76 85 1 1
2 127 1 0
1 169 1 0
1 127 0 0
1 102 1 0
0 85 0 73
0 64 0 0
0 57 28 0
0 51 50 0
1 0 21 0
0 21 0 2
1 0 2 0
1 0 52 0
43 0 52 0
0 0 0 38
85 0 34 0
76 0 34 0
0 0 254 0
0 0 254 0
1 0 254 0
1 51 153 0
42 84 153 0
36 72 153 9
5 72 85 131
28 85 143 0
1 0 143 0
1 0 143 0
1 0 38 0
51 0 81 0
43 1 109 0
37 37 94 0
32 32 94 0
9 29 94 26
0 29 253 0
2 253 0 0
2 254 0 0
2 190 0 0
2 190 2 0
0 158 2 172
2 151 0 0
2 151 2 13
5 2 135 0
2 67 0 0
2 45 0 0
2 34 0 0
2 27 2 22
2 19 2 0
0 17 2 43
2 39 0 0
0 0 0 0
0 0 0 0
0 0 0 0
0 0 31 0
0 28 0 0
25 0 25 0
12 0 12 0
9 0 0 0
7 0 6 0
5 0 4 0
4 0 3 0
0 0 1 0
0 0 0 0
0 0 0 0
0 0 0 0
0 0 0 0
0 0 0 0
0 0 10 0
0 0 0 0
0 0 0 0
0 0 0 0
0 0 0 0
0 0 0 0
0 0 254 0
0 254 0 0
254 0 254 0
254 0 254 0
254 0 254 0
254 0 2 0
54 0 255 0
0 255 0 0
255 0 255 0
255 51 255 42
255 36 255 0
32 255 28 0
255 25 255 25
255 12 255 8
255 8 255 0
0 6 255 5
255 4 255 4
255 3 255 3
255 0 255 0
0 0 255 0
192 0 255 50
129 84 255 1
8 84 95 69
86 95 95 85
78 0 95 0
52 0 185 0
2 0 185 0
43 0 185 0
32 0 185 0
32 0 60 0
0 0 10 0
0 0 0 0
0 0 0 0
0 0 0 0
0 0 0 0
0 0 10 0
0 0 0 0
0 0 0 0
0 0 0 0
0 0 0 0
0 1 0 0
0 0 0 0
0 0 0 0
0 0 0 0
0 0 0 0
0 0 0 0
0 0 0 0
0 0 0 0
0 0 0 0
0 0 0 0
0 0 0 0
0 0 0 0
0 0 0 0
0 0 0 0
0 0 0 0
0 0 0 0
0 0 0 0
0 0 0 0
0 0 0 0
0 0 0 0
0 0 0 0
0 0 10 0
0 0 0 0
0 0 0 0
0 0 0 0
0 0 0 0
0 0 0 0
0 0 0 0
0 0 0 0
0 0 0 0
0 0 0 0
0 0 0 0
0 0 0 0
0 0 0 0
0 0 0 0
0 0 0 0
0 0 0 0
0 0 0 0
0 0 0 0
0 0 0 0
0 0 0 0
0 0 1 0
0 0 0 0
0 0 0 0
0 0 0 0
0 0 0 0
0 0 0 0
0 0 0 0
0 0 0 0
0 0 0 0
0 0 0 0
0 0 0 0
1 0 1 0
0 0 0 0
0 0 0 0
0 0 0 0
0 0 0 0
0 0 0 0
0 0 0 0
0 0 0 0
0 0 0 0
0 0 0 0
0 0 1 1
0 0 0 0
0 0 0 0
0 0 0 0
0 0 0 0
0 0 0 0
0 1 127 127
1 85 127 64
1 102 127 102
1 102 127 0
121 102 121 40
1 108 121 0
0 0 0 0
0 0 0 0
0 0 0 0
0 0 0 0
0 0 0 0
0 0 0 0
0 0 0 0
0 0 0 0
0 0 0 0
0 0 0 0
1 0 0 0
0 0 0 0
0 0 0 0
0 0 0 0
0 0 0 0
0 1 0 1
0 0 0 0
0 0 0 0
0 0 0 0
0 0 0 0
0 0 0 0
0 0 0 0
0 0 0 0
0 0 0 0
0 0 0 0
0 0 1 0
1 0 1 0
0 0 0 0
0 0 0 0
0 0 0 0
0 0 0 0
0 10 0 0
0 0 0 0
0 0 0 0
0 0 0 0
0 0 0 0
0 0 0 0
0 0 0 0
0 0 0 0
0 0 0 0
0 0 0 0
0 0 0 0
0 0 0 0
0 0 0 0
0 0 0 0
0 0 0 0
0 0 0 1
0 1 0 0
0 0 0 0
0 0 0 0
0 0 0 0
0 0 0 0
0 0 0 0
0 0 0 0
0 0 0 0
0 0 0 0
0 0 0 0
0 0 0 0
0 0 0 0
0 0 0 0
0 0 0 0
0 0 0 0
0 0 0 0
0 0 0 0
0 0 0 0
0 0 0 0
0 0 0 0
0 0 0 1
0 1 0 0
0 0 0 0
0 0 0 0
0 0 0 0
0 0 250 0
0 0 120 0
0 0 60 0
0 0 40 0
0 0 30 0
0 0 20 0
0 0 0 0
0 0 0 0
0 0 0 0
0 0 0 0
0 0 0 0
0 0 0 0
0 0 0 0
0 0 0 0
0 0 0 0
0 0 0 0
0 1 0 0
0 0 0 0
0 0 0 0
0 0 0 0
0 0 0 0
0 0 0 0
0 0 0 0
0 0 0 0
0 0 0 0
0 0 0 0
0 0 0 0
0 0 0 0
0 0 0 0
0 0 0 0
0 0 0 0
0 0 0 0
0 0 0 0
0 0 0 0
0 0 0 0
0 0 0 0
0 0 0 0
0 0 0 0
0 0 0 0
0 0 0 0
0 0 0 0
0 0 0 0
