0 0 0 0
0 0 0 0
0 0 0 0
0 0 0 0
0 0 0 0
0 0 0 0
0 0 0 0
0 0 0 0
0 0 0 0
0 0 0 0
0 0 0 0
0 0 0 0
0 0 0 0
0 0 0 0
0 0 0 0
0 0 0 0
0 0 0 0
0 0 0 0
0 0 0 0
0 0 0 0
0 0 0 0
0 0 0 0
0 0 0 0
0 0 0 0
0 0 0 0
0 0 0 0
0 0 0 0
0 0 0 0
0 0 0 0
0 0 0 0
0 0 0 0
0 0 0 0
0 0 0 0
0 0 0 0
0 0 0 0
0 0 0 0
0 0 0 0
0 0 0 0
0 0 0 0
0 0 0 0
0 0 0 0
0 0 0 0
0 0 0 0
0 0 0 0
0 0 0 0
0 0 0 0
0 0 0 0
0 0 0 0
0 0 0 0
0 0 0 0
0 0 0 0
0 0 0 0
0 0 0 0
0 0 0 0
0 0 0 0
0 0 0 0
0 0 0 0
0 0 0 0
0 0 0 0
0 0 0 0
0 0 0 0
0 0 0 0
0 0 0 0
0 0 42 0
0 0 36 0
0 0 31 0
0 0 28 0
0 0 0 0
0 0 28 0
0 1 0 0
0 0 0 0
0 0 0 0
0 0 0 0
0 0 0 0
0 0 0 0
0 0 0 0
0 0 0 0
0 0 0 0
0 0 0 0
0 0 0 0
0 0 0 0
0 0 0 0
0 0 0 0
0 0 0 0
0 0 0 0
0 0 0 0
0 0 0 0
0 0 0 0
0 0 0 0
0 0 0 0
0 0 0 0
0 0 0 0
0 0 0 0
0 0 0 0
0 0 0 0
0 0 0 0
0 0 0 0
0 0 0 0
0 0 0 0
0 0 0 0
0 0 0 0
0 0 0 0
0 0 0 0
0 0 0 0
0 0 0 0
0 0 0 0
0 0 0 0
0 0 0 0
0 0 0 0
0 0 0 0
0 0 0 0
0 0 0 0
0 0 0 0
0 1 0 0
0 1 0 0
0 0 0 0
0 0 0 0
0 0 0 0
0 0 0 0
0 0 0 0
0 0 0 0
0 0 0 0
0 0 0 0
0 0 0 0
0 0 0 0
0 0 0 0
0 0 0 0
0 0 0 0
0 0 0 0
0 0 0 0
0 0 0 0
0 0 0 0
0 0 0 0
0 0 0 0
0 0 0 0
0 0 0 0
0 0 0 0
0 0 0 0
0 0 0 0
0 0 0 0
0 0 0 0
0 0 0 0
0 0 0 0
0 0 0 0
0 0 0 0
0 0 10 0
0 10 0 0
0 0 0 0
0 0 0 0
0 0 0 0
0 0 0 0
0 0 0 0
0 0 0 0
0 1 10 1
0 0 0 0
0 0 0 0
0 0 0 0
0 0 0 43
0 0 38 0
0 0 34 0
0 0 34 0
0 0 1 0
1 0 0 0
1 0 0 0
1 0 0 0
0 0 0 0
0 0 0 0
0 0 0 0
0 0 0 0
0 0 0 0
0 0 0 0
0 0 0 0
0 0 0 0
0 0 0 0
0 0 0 0
0 0 0 0
0 0 0 0
0 0 0 0
0 0 0 0
0 0 0 0
0 0 0 0
0 0 0 0
0 0 28 0
0 0 0 25
1 0 1 0
0 0 0 0
0 0 0 0
0 0 0 0
0 42 0 0
0 36 0 0
0 32 0 2
8 0 25 0
0 1 0 0
0 1 0 0
0 1 0 1
0 1 0 0
0 0 0 0
0 0 0 0
0 0 0 0
0 0 0 0
0 0 0 0
0 0 0 0
0 0 0 0
0 51 0 0
0 51 0 0
0 43 0 0
38 43 34 28
0 30 25 0
254 0 0 0
254 0 0 0
170 0 0 0
170 0 170 0
0 0 0 51
121 0 43 0
106 0 38 0
106 0 34 0
95 0 30 0
0 1 30 0
0 0 30 0
0 0 128 0
0 0 102 0
0 0 85 0
0 0 73 0
0 0 73 0
0 0 51 0
0 0 51 0
0 1 51 0
0 85 51 0
64 85 51 12
10 85 102 0
0 73 88 0
31 64 88 0
31 85 88 0
28 85 79 0
0 254 10 254
0 0 170 0
0 127 0 0
0 102 0 0
0 127 42 0
0 109 72 0
0 95 72 8
5 95 76 51
0 0 0 0
1 0 0 0
1 0 1 0
0 1 0 0
0 0 0 0
0 0 0 0
0 0 0 0
0 0 25 0
0 1 253 0
1 0 129 0
1 85 129 0
4 85 129 8
5 85 85 1
5 85 110 0
32 74 96 0
32 66 85 0
32 59 102 0
0 59 0 0
0 29 0 0
0 20 0 15
0 20 12 76
42 10 63 0
36 9 91 0
36 7 91 0
36 7 80 0
32 6 80 0
20 0 72 0
84 0 48 0
63 0 36 0
50 0 29 0
42 0 29 0
0 0 0 18
28 0 16 0
25 0 16 0
1 0 16 0
1 0 80 1
50 1 4 0
0 0 3 0
0 0 3 0
0 0 20 0
0 0 30 0
0 0 27 0
1 0 41 0
0 0 31 0
0 0 65 0
0 51 52 0
0 51 85 0
0 51 85 44
0 51 39 66
0 35 60 0
1 0 60 0
0 1 30 0
0 1 200 0
1 1 51 113
0 43 95 0
0 37 81 0
0 32 71 0
0 29 71 0
0 26 71 26
0 26 13 64
0 9 42 0
0 6 32 0
0 6 25 0
0 5 25 5
0 5 79 0
0 4 71 0
0 4 64 0
0 4 64 4
0 4 2 21
0 2 16 0
0 2 13 0
0 2 110 0
0 2 110 2
0 1 8 0
0 1 7 0
0 1 0 0
0 0 0 0
0 0 0 0
0 0 0 0
0 0 0 0
0 0 0 0
0 0 0 0
0 0 25 0
0 0 25 0
0 0 254 0
0 0 254 0
0 0 254 0
0 0 212 0
0 0 212 0
0 0 0 182
0 0 163 0
0 1 0 0
0 0 0 0
0 0 0 0
0 0 0 0
0 0 0 0
0 0 0 0
0 0 0 0
0 0 0 0
1 1 2 0
0 0 10 0
0 0 0 0
0 0 0 0
0 0 0 0
0 0 0 0
0 0 0 0
0 0 0 0
0 0 0 0
0 0 0 0
0 0 0 0
0 0 0 0
0 0 0 0
0 0 0 0
0 0 0 0
0 0 0 0
0 0 0 0
0 0 0 0
0 0 0 0
0 0 0 0
0 0 0 0
0 0 0 0
0 0 0 0
0 0 0 254
0 0 254 0
0 0 170 0
0 0 127 0
0 0 127 0
0 0 127 0
0 0 63 0
0 0 56 0
0 0 51 0
0 0 0 0
0 0 0 0
0 0 0 0
0 0 0 0
0 0 0 0
0 31 0 0
0 56 0 0
0 50 0 0
0 0 0 0
0 0 0 0
0 0 0 0
0 0 0 0
0 0 0 0
0 0 0 0
0 0 0 0
0 0 0 1
0 0 1 0
0 0 1 0
0 0 10 0
10 0 1 0
0 0 0 0
0 0 0 0
0 0 0 25
0 0 0 0
0 0 0 0
0 0 0 0
0 0 0 0
0 0 0 0
0 0 36 0
0 0 36 0
0 0 0 29
0 0 1 0
0 0 1 0
0 0 1 0
0 0 0 127
0 0 106 0
0 0 91 0
0 0 91 0
0 0 91 0
0 0 91 0
1 0 3 0
0 1 2 0
0 1 2 0
0 1 0 85
0 0 73 0
32 0 73 0
28 0 73 0
26 0 73 0
0 10 0 1
0 0 1 0
0 0 1 0
0 0 10 0
0 0 0 0
0 0 0 0
0 0 0 0
0 0 1 0
1 0 1 0
0 0 0 0
0 0 0 0
0 0 0 0
0 1 0 0
0 1 0 0
0 1 0 1
0 1 0 0
0 0 0 0
0 1 0 0
1 0 0 0
0 0 0 0
0 0 0 0
0 0 0 0
0 0 0 0
0 0 0 0
0 0 0 0
0 0 0 0
0 0 0 0
0 0 0 0
0 0 0 0
0 0 0 0
0 0 0 0
0 0 0 0
0 127 0 127
0 0 95 0
0 95 0 0
0 95 0 0
0 81 0 0
0 71 0 71
0 71 0 0
0 0 0 0
0 0 0 0
0 0 0 0
0 0 0 0
0 0 0 0
0 0 0 1
0 1 0 0
0 1 0 0
0 0 0 0
0 0 0 0
0 0 0 0
0 0 0 0
0 0 0 0
0 0 0 0
0 0 0 0
2 0 0 0
1 0 0 0
1 0 1 0
0 0 0 0
0 0 0 0
0 0 0 0
0 0 1 1
1 1 1 0
0 6 5 0
1 3 32 2
0 22 2 2
2 52 2 43
2 38 72 0
96 33 63 0
114 33 85 0
114 55 85 0
0 55 85 55
126 36 1 0
95 27 1 0
76 72 1 0
105 60 43 0
126 52 43 0
0 45 43 40
0 45 40 34
0 0 0 0
0 0 0 0
0 0 0 0
0 0 0 0
0 0 0 0
0 0 0 0
0 0 0 0
0 0 0 0
0 0 0 0
0 0 0 0
0 0 0 0
0 0 0 0
0 0 0 0
0 0 0 0
0 0 0 0
0 0 0 0
0 0 0 0
0 0 0 0
0 0 0 0
0 0 0 0
0 0 0 0
0 0 0 0
0 0 0 0
0 0 0 0
0 0 0 0
0 0 0 0
0 0 0 0
0 0 0 0
0 0 0 0
0 0 0 0
0 0 0 0
0 0 0 0
0 0 0 0
0 0 0 0
0 0 0 0
0 0 0 0
0 0 0 0
0 0 0 0
0 0 0 0
0 0 0 0
0 0 0 0
0 0 0 0
0 0 250 0
0 0 0 0
0 0 0 0
0 0 0 0
0 0 0 0
0 0 0 0
0 0 0 0
0 0 0 0
0 0 0 0
0 0 0 0
0 0 0 0
0 0 0 0
0 0 0 0
0 0 0 0
0 0 0 0
0 0 0 0
0 0 0 0
0 0 0 0
0 0 0 0
0 0 0 0
0 0 0 0
0 0 0 0
0 0 0 0
0 0 0 0
0 0 0 0
0 0 0 0
0 0 0 0
0 0 0 0
0 0 0 0
0 0 0 0
0 0 0 0
0 0 0 0
0 0 0 0
0 0 0 0
0 0 0 0
0 0 0 0
0 0 0 0
0 0 0 0
0 0 0 0
0 0 0 0
0 0 0 0
0 0 0 0
0 0 0 0
0 0 0 0
0 0 0 0
0 0 0 0
0 0 0 0
0 0 0 0
0 0 0 0
0 0 0 0
0 0 0 0
0 0 0 0
0 0 0 0
0 0 0 0
0 0 0 0
0 0 0 0
0 0 0 0
0 0 0 0
0 0 10 0
0 0 0 0
0 0 0 0
0 0 0 0
0 0 0 0
0 0 0 0
0 0 0 0
0 0 0 0
0 0 0 0
0 0 0 0
0 0 0 1
0 1 0 0
0 0 0 0
0 0 0 0
0 0 0 0
0 0 0 1
0 0 0 0
0 0 0 0
0 0 0 0
0 0 0 0
